cam0:
  camera_model: pinhole
  intrinsics: [539.04878, 542.33895, 313.27401, 242.68119]
  distortion_model: radtan
  distortion_coeffs: [-0.175900, -0.060738, 0.003028, -0.001700]
  T_cam_imu:
  - [0.042829050735684215, 0.9989304481675185, 0.017425043383706935, -0.0005081119083037406]
  - [-0.9916582953559094, 0.04038205237755588, 0.12240553540421037, 0.026044686566455238]
  - [0.12157095732491069, -0.02252220170454508, 0.9923271903790039, -0.04502267409499137]
  - [0.0, 0.0, 0.0, 1.0]
  timeshift_cam_imu: -8.121e-05
  rostopic: /front_cam/image_raw
  resolution: [640, 480]